Accuracy:0.7775017743080199
Precision:0.972897761645493
Recall:0.6265877035767162
F1 Score:0.762252346193952
